(kicad_pcb (version 20171130) (host pcbnew 5.0.2+dfsg1-1)

  (general
    (thickness 1.6)
    (drawings 5)
    (tracks 459)
    (zones 0)
    (modules 17)
    (nets 56)
  )

  (page A4)
  (layers
    (0 F.Cu signal)
    (31 B.Cu signal)
    (32 B.Adhes user)
    (33 F.Adhes user)
    (34 B.Paste user)
    (35 F.Paste user)
    (36 B.SilkS user)
    (37 F.SilkS user)
    (38 B.Mask user)
    (39 F.Mask user)
    (40 Dwgs.User user)
    (41 Cmts.User user)
    (42 Eco1.User user)
    (43 Eco2.User user)
    (44 Edge.Cuts user)
    (45 Margin user)
    (46 B.CrtYd user)
    (47 F.CrtYd user)
    (48 B.Fab user)
    (49 F.Fab user)
  )

  (setup
    (last_trace_width 0.5)
    (user_trace_width 0.7)
    (user_trace_width 1)
    (trace_clearance 0.5)
    (zone_clearance 0.508)
    (zone_45_only no)
    (trace_min 0.2)
    (segment_width 0.2)
    (edge_width 0.15)
    (via_size 2)
    (via_drill 0.5)
    (via_min_size 1)
    (via_min_drill 0.5)
    (uvia_size 0.3)
    (uvia_drill 0.1)
    (uvias_allowed no)
    (uvia_min_size 0.2)
    (uvia_min_drill 0.1)
    (pcb_text_width 0.3)
    (pcb_text_size 1.5 1.5)
    (mod_edge_width 0.15)
    (mod_text_size 1 1)
    (mod_text_width 0.15)
    (pad_size 2 2)
    (pad_drill 1)
    (pad_to_mask_clearance 0.051)
    (solder_mask_min_width 0.25)
    (aux_axis_origin 0 0)
    (visible_elements FFFFFF7F)
    (pcbplotparams
      (layerselection 0x010fc_ffffffff)
      (usegerberextensions false)
      (usegerberattributes false)
      (usegerberadvancedattributes false)
      (creategerberjobfile false)
      (gerberprecision 5)
      (excludeedgelayer true)
      (linewidth 0.100000)
      (plotframeref false)
      (viasonmask false)
      (mode 1)
      (useauxorigin false)
      (hpglpennumber 1)
      (hpglpenspeed 20)
      (hpglpendiameter 15.000000)
      (psnegative false)
      (psa4output false)
      (plotreference true)
      (plotvalue true)
      (plotinvisibletext false)
      (padsonsilk false)
      (subtractmaskfromsilk false)
      (outputformat 1)
      (mirror false)
      (drillshape 0)
      (scaleselection 1)
      (outputdirectory "gerber/"))
  )

  (net 0 "")
  (net 1 +3V3)
  (net 2 GND)
  (net 3 /SIOC)
  (net 4 /SIOD)
  (net 5 /VSYNC)
  (net 6 /HREF)
  (net 7 /PCLK)
  (net 8 /XCLK)
  (net 9 /D7)
  (net 10 /D6)
  (net 11 /D5)
  (net 12 /D4)
  (net 13 /D3)
  (net 14 /D2)
  (net 15 /D1)
  (net 16 /D0)
  (net 17 /RST)
  (net 18 /PWDN)
  (net 19 "Net-(U1-PadA1)")
  (net 20 +5V)
  (net 21 "Net-(U1-PadB2)")
  (net 22 "Net-(U1-PadB27)")
  (net 23 "Net-(U1-PadB29)")
  (net 24 "Net-(U1-PadC34)")
  (net 25 "Net-(U1-PadC32)")
  (net 26 "Net-(U1-PadD18)")
  (net 27 "Net-(U1-PadD20)")
  (net 28 /DC1)
  (net 29 /DC2)
  (net 30 /Dg)
  (net 31 /Df)
  (net 32 /De)
  (net 33 /Dd)
  (net 34 /Dc)
  (net 35 /Db)
  (net 36 /Da)
  (net 37 "Net-(Q1-Pad2)")
  (net 38 "Net-(Q1-Pad3)")
  (net 39 "Net-(Q2-Pad3)")
  (net 40 "Net-(Q2-Pad2)")
  (net 41 "Net-(R2-Pad1)")
  (net 42 "Net-(R2-Pad2)")
  (net 43 "Net-(R3-Pad2)")
  (net 44 "Net-(R3-Pad1)")
  (net 45 "Net-(R4-Pad1)")
  (net 46 "Net-(R4-Pad2)")
  (net 47 "Net-(R5-Pad2)")
  (net 48 "Net-(R5-Pad1)")
  (net 49 "Net-(R6-Pad1)")
  (net 50 "Net-(R6-Pad2)")
  (net 51 "Net-(R7-Pad2)")
  (net 52 "Net-(R7-Pad1)")
  (net 53 "Net-(R8-Pad1)")
  (net 54 "Net-(R8-Pad2)")
  (net 55 "Net-(U1-PadC33)")

  (net_class Default "Esta es la clase de red por defecto."
    (clearance 0.5)
    (trace_width 0.5)
    (via_dia 2)
    (via_drill 0.5)
    (uvia_dia 0.3)
    (uvia_drill 0.1)
    (add_net +3V3)
    (add_net +5V)
    (add_net /D0)
    (add_net /D1)
    (add_net /D2)
    (add_net /D3)
    (add_net /D4)
    (add_net /D5)
    (add_net /D6)
    (add_net /D7)
    (add_net /DC1)
    (add_net /DC2)
    (add_net /Da)
    (add_net /Db)
    (add_net /Dc)
    (add_net /Dd)
    (add_net /De)
    (add_net /Df)
    (add_net /Dg)
    (add_net /HREF)
    (add_net /PCLK)
    (add_net /PWDN)
    (add_net /RST)
    (add_net /SIOC)
    (add_net /SIOD)
    (add_net /VSYNC)
    (add_net /XCLK)
    (add_net GND)
    (add_net "Net-(Q1-Pad2)")
    (add_net "Net-(Q1-Pad3)")
    (add_net "Net-(Q2-Pad2)")
    (add_net "Net-(Q2-Pad3)")
    (add_net "Net-(R2-Pad1)")
    (add_net "Net-(R2-Pad2)")
    (add_net "Net-(R3-Pad1)")
    (add_net "Net-(R3-Pad2)")
    (add_net "Net-(R4-Pad1)")
    (add_net "Net-(R4-Pad2)")
    (add_net "Net-(R5-Pad1)")
    (add_net "Net-(R5-Pad2)")
    (add_net "Net-(R6-Pad1)")
    (add_net "Net-(R6-Pad2)")
    (add_net "Net-(R7-Pad1)")
    (add_net "Net-(R7-Pad2)")
    (add_net "Net-(R8-Pad1)")
    (add_net "Net-(R8-Pad2)")
    (add_net "Net-(U1-PadA1)")
    (add_net "Net-(U1-PadB2)")
    (add_net "Net-(U1-PadB27)")
    (add_net "Net-(U1-PadB29)")
    (add_net "Net-(U1-PadC32)")
    (add_net "Net-(U1-PadC33)")
    (add_net "Net-(U1-PadC34)")
    (add_net "Net-(U1-PadD18)")
    (add_net "Net-(U1-PadD20)")
  )

  (module Resistor_SMD:R_1206_3216Metric_Pad1.42x1.75mm_HandSolder (layer F.Cu) (tedit 5B301BBD) (tstamp 5CCB9BFA)
    (at 12 -16.5 180)
    (descr "Resistor SMD 1206 (3216 Metric), square (rectangular) end terminal, IPC_7351 nominal with elongated pad for handsoldering. (Body size source: http://www.tortai-tech.com/upload/download/2011102023233369053.pdf), generated with kicad-footprint-generator")
    (tags "resistor handsolder")
    (path /5CC6A834)
    (attr smd)
    (fp_text reference R9 (at 0 -1.82 180) (layer F.SilkS)
      (effects (font (size 1 1) (thickness 0.15)))
    )
    (fp_text value 10K (at 0 1.82 180) (layer F.Fab)
      (effects (font (size 1 1) (thickness 0.15)))
    )
    (fp_text user %R (at 0 0 180) (layer F.Fab)
      (effects (font (size 0.8 0.8) (thickness 0.12)))
    )
    (fp_line (start 2.45 1.12) (end -2.45 1.12) (layer F.CrtYd) (width 0.05))
    (fp_line (start 2.45 -1.12) (end 2.45 1.12) (layer F.CrtYd) (width 0.05))
    (fp_line (start -2.45 -1.12) (end 2.45 -1.12) (layer F.CrtYd) (width 0.05))
    (fp_line (start -2.45 1.12) (end -2.45 -1.12) (layer F.CrtYd) (width 0.05))
    (fp_line (start -0.602064 0.91) (end 0.602064 0.91) (layer F.SilkS) (width 0.12))
    (fp_line (start -0.602064 -0.91) (end 0.602064 -0.91) (layer F.SilkS) (width 0.12))
    (fp_line (start 1.6 0.8) (end -1.6 0.8) (layer F.Fab) (width 0.1))
    (fp_line (start 1.6 -0.8) (end 1.6 0.8) (layer F.Fab) (width 0.1))
    (fp_line (start -1.6 -0.8) (end 1.6 -0.8) (layer F.Fab) (width 0.1))
    (fp_line (start -1.6 0.8) (end -1.6 -0.8) (layer F.Fab) (width 0.1))
    (pad 2 smd roundrect (at 1.4875 0 180) (size 1.425 1.75) (layers F.Cu F.Paste F.Mask) (roundrect_rratio 0.175439)
      (net 20 +5V))
    (pad 1 smd roundrect (at -1.4875 0 180) (size 1.425 1.75) (layers F.Cu F.Paste F.Mask) (roundrect_rratio 0.175439)
      (net 40 "Net-(Q2-Pad2)"))
    (model ${KISYS3DMOD}/Resistor_SMD.3dshapes/R_1206_3216Metric.wrl
      (at (xyz 0 0 0))
      (scale (xyz 1 1 1))
      (rotate (xyz 0 0 0))
    )
  )

  (module Package_TO_SOT_THT:TO-92_Inline (layer F.Cu) (tedit 5CBFA0FF) (tstamp 5CCB9B4F)
    (at 12.052 -8.812)
    (descr "TO-92 leads in-line, narrow, oval pads, drill 0.75mm (see NXP sot054_po.pdf)")
    (tags "to-92 sc-43 sc-43a sot54 PA33 transistor")
    (path /5CC55B14)
    (fp_text reference Q1 (at 1.27 -3.56) (layer F.SilkS)
      (effects (font (size 1 1) (thickness 0.15)))
    )
    (fp_text value 2N3906 (at 1.27 2.79) (layer F.Fab)
      (effects (font (size 1 1) (thickness 0.15)))
    )
    (fp_text user %R (at 1.27 -3.56) (layer F.Fab)
      (effects (font (size 1 1) (thickness 0.15)))
    )
    (fp_line (start -0.53 1.85) (end 3.07 1.85) (layer F.SilkS) (width 0.12))
    (fp_line (start -0.5 1.75) (end 3 1.75) (layer F.Fab) (width 0.1))
    (fp_line (start -1.46 -2.73) (end 4 -2.73) (layer F.CrtYd) (width 0.05))
    (fp_line (start -1.46 -2.73) (end -1.46 2.01) (layer F.CrtYd) (width 0.05))
    (fp_line (start 4 2.01) (end 4 -2.73) (layer F.CrtYd) (width 0.05))
    (fp_line (start 4 2.01) (end -1.46 2.01) (layer F.CrtYd) (width 0.05))
    (fp_arc (start 1.27 0) (end 1.27 -2.48) (angle 135) (layer F.Fab) (width 0.1))
    (fp_arc (start 1.27 0) (end 1.27 -2.6) (angle -135) (layer F.SilkS) (width 0.12))
    (fp_arc (start 1.27 0) (end 1.27 -2.48) (angle -135) (layer F.Fab) (width 0.1))
    (fp_arc (start 1.27 0) (end 1.27 -2.6) (angle 135) (layer F.SilkS) (width 0.12))
    (pad 2 thru_hole oval (at 1.27 0) (size 2 2) (drill 0.75) (layers *.Cu *.Mask)
      (net 37 "Net-(Q1-Pad2)"))
    (pad 3 thru_hole oval (at 3.81 0) (size 2 2) (drill 0.75) (layers *.Cu *.Mask)
      (net 38 "Net-(Q1-Pad3)"))
    (pad 1 thru_hole rect (at -1.27 0) (size 2 2) (drill 0.75) (layers *.Cu *.Mask)
      (net 20 +5V))
    (model ${KISYS3DMOD}/Package_TO_SOT_THT.3dshapes/TO-92_Inline.wrl
      (at (xyz 0 0 0))
      (scale (xyz 1 1 1))
      (rotate (xyz 0 0 0))
    )
  )

  (module Package_TO_SOT_THT:TO-92_Inline (layer F.Cu) (tedit 5CBFA0E4) (tstamp 5CCB9B61)
    (at 12 -20.5)
    (descr "TO-92 leads in-line, narrow, oval pads, drill 0.75mm (see NXP sot054_po.pdf)")
    (tags "to-92 sc-43 sc-43a sot54 PA33 transistor")
    (path /5CC6A826)
    (fp_text reference Q2 (at 1.27 -3.56) (layer F.SilkS)
      (effects (font (size 1 1) (thickness 0.15)))
    )
    (fp_text value 2N3906 (at 1.27 2.79) (layer F.Fab)
      (effects (font (size 1 1) (thickness 0.15)))
    )
    (fp_arc (start 1.27 0) (end 1.27 -2.6) (angle 135) (layer F.SilkS) (width 0.12))
    (fp_arc (start 1.27 0) (end 1.27 -2.48) (angle -135) (layer F.Fab) (width 0.1))
    (fp_arc (start 1.27 0) (end 1.27 -2.6) (angle -135) (layer F.SilkS) (width 0.12))
    (fp_arc (start 1.27 0) (end 1.27 -2.48) (angle 135) (layer F.Fab) (width 0.1))
    (fp_line (start 4 2.01) (end -1.46 2.01) (layer F.CrtYd) (width 0.05))
    (fp_line (start 4 2.01) (end 4 -2.73) (layer F.CrtYd) (width 0.05))
    (fp_line (start -1.46 -2.73) (end -1.46 2.01) (layer F.CrtYd) (width 0.05))
    (fp_line (start -1.46 -2.73) (end 4 -2.73) (layer F.CrtYd) (width 0.05))
    (fp_line (start -0.5 1.75) (end 3 1.75) (layer F.Fab) (width 0.1))
    (fp_line (start -0.53 1.85) (end 3.07 1.85) (layer F.SilkS) (width 0.12))
    (fp_text user %R (at 1.27 -3.56) (layer F.Fab)
      (effects (font (size 1 1) (thickness 0.15)))
    )
    (pad 1 thru_hole rect (at -1.27 0) (size 2 2) (drill 0.75) (layers *.Cu *.Mask)
      (net 20 +5V))
    (pad 3 thru_hole oval (at 3.81 0) (size 2 2) (drill 0.75) (layers *.Cu *.Mask)
      (net 39 "Net-(Q2-Pad3)"))
    (pad 2 thru_hole oval (at 1.27 0) (size 2 2) (drill 0.75) (layers *.Cu *.Mask)
      (net 40 "Net-(Q2-Pad2)"))
    (model ${KISYS3DMOD}/Package_TO_SOT_THT.3dshapes/TO-92_Inline.wrl
      (at (xyz 0 0 0))
      (scale (xyz 1 1 1))
      (rotate (xyz 0 0 0))
    )
  )

  (module SILTTEC:STM-NUCLEO144-F767 locked (layer F.Cu) (tedit 5CC215FF) (tstamp 5CC623B6)
    (at 4.94 -65.2)
    (descr "ST Morpho Connector 144 With STLink")
    (tags "ST Morpho Connector 144 STLink")
    (path /5CBACB21)
    (fp_text reference U1 (at 50.8 -20.32) (layer F.SilkS)
      (effects (font (size 1 1) (thickness 0.15)))
    )
    (fp_text value Nucleo144-F767 (at 22.86 -15.24) (layer F.Fab)
      (effects (font (size 1 1) (thickness 0.15)))
    )
    (fp_line (start -5.08 -17.78) (end 53.34 -17.78) (layer F.SilkS) (width 0.15))
    (fp_line (start 53.34 -17.78) (end 53.34 63.5) (layer F.SilkS) (width 0.15))
    (fp_line (start 53.34 63.5) (end -5.08 63.5) (layer F.SilkS) (width 0.15))
    (fp_line (start -5.08 63.5) (end -5.08 -17.78) (layer F.SilkS) (width 0.15))
    (pad A1 thru_hole circle (at 0 0) (size 1.8 1.8) (drill 1) (layers *.Cu *.Mask)
      (net 19 "Net-(U1-PadA1)"))
    (pad A2 thru_hole circle (at 2.54 0) (size 1.8 1.8) (drill 1) (layers *.Cu *.Mask)
      (net 14 /D2))
    (pad A4 thru_hole circle (at 2.54 2.54) (size 1.8 1.8) (drill 1) (layers *.Cu *.Mask)
      (net 13 /D3))
    (pad A7 thru_hole circle (at 0 7.62) (size 1.8 1.8) (drill 1) (layers *.Cu *.Mask)
      (net 1 +3V3))
    (pad A9 thru_hole circle (at 0 10.16) (size 1.8 1.8) (drill 1) (layers *.Cu *.Mask)
      (net 20 +5V))
    (pad A11 thru_hole circle (at 0 12.7) (size 1.8 1.8) (drill 1) (layers *.Cu *.Mask)
      (net 2 GND))
    (pad A13 thru_hole circle (at 0 15.24) (size 1.8 1.8) (drill 1) (layers *.Cu *.Mask)
      (net 2 GND))
    (pad B1 thru_hole circle (at 0 22.86) (size 1.8 1.8) (drill 1) (layers *.Cu *.Mask)
      (net 18 /PWDN))
    (pad B2 thru_hole circle (at 2.54 22.86) (size 1.8 1.8) (drill 1) (layers *.Cu *.Mask)
      (net 21 "Net-(U1-PadB2)"))
    (pad B3 thru_hole circle (at 0 25.4) (size 1.8 1.8) (drill 1) (layers *.Cu *.Mask)
      (net 17 /RST))
    (pad B10 thru_hole circle (at 2.54 33.02) (size 1.8 1.8) (drill 1) (layers *.Cu *.Mask)
      (net 11 /D5))
    (pad B12 thru_hole circle (at 2.54 35.56) (size 1.8 1.8) (drill 1) (layers *.Cu *.Mask)
      (net 2 GND))
    (pad B16 thru_hole circle (at 2.54 40.64) (size 1.8 1.8) (drill 1) (layers *.Cu *.Mask)
      (net 12 /D4))
    (pad B18 thru_hole circle (at 2.54 43.18) (size 1.8 1.8) (drill 1) (layers *.Cu *.Mask)
      (net 10 /D6))
    (pad B20 thru_hole circle (at 2.54 45.72) (size 1.8 1.8) (drill 1) (layers *.Cu *.Mask)
      (net 9 /D7))
    (pad B23 thru_hole circle (at 0 50.8) (size 1.8 1.8) (drill 1) (layers *.Cu *.Mask)
      (net 2 GND))
    (pad B27 thru_hole circle (at 0 55.88) (size 1.8 1.8) (drill 1) (layers *.Cu *.Mask)
      (net 22 "Net-(U1-PadB27)"))
    (pad B28 thru_hole circle (at 2.54 55.88) (size 1.8 1.8) (drill 1) (layers *.Cu *.Mask)
      (net 29 /DC2))
    (pad B29 thru_hole circle (at 0 58.42) (size 1.8 1.8) (drill 1) (layers *.Cu *.Mask)
      (net 23 "Net-(U1-PadB29)"))
    (pad B30 thru_hole circle (at 2.54 58.42) (size 1.8 1.8) (drill 1) (layers *.Cu *.Mask)
      (net 28 /DC1))
    (pad C33 thru_hole circle (at 45.72 58.42) (size 1.8 1.8) (drill 1) (layers *.Cu *.Mask)
      (net 55 "Net-(U1-PadC33)"))
    (pad C34 thru_hole circle (at 48.26 58.42) (size 1.8 1.8) (drill 1) (layers *.Cu *.Mask)
      (net 24 "Net-(U1-PadC34)"))
    (pad C31 thru_hole circle (at 45.72 55.88) (size 1.8 1.8) (drill 1) (layers *.Cu *.Mask)
      (net 36 /Da))
    (pad C32 thru_hole circle (at 48.26 55.88) (size 1.8 1.8) (drill 1) (layers *.Cu *.Mask)
      (net 25 "Net-(U1-PadC32)"))
    (pad C29 thru_hole circle (at 45.72 53.34) (size 1.8 1.8) (drill 1) (layers *.Cu *.Mask)
      (net 35 /Db))
    (pad C27 thru_hole circle (at 45.72 50.8) (size 1.8 1.8) (drill 1) (layers *.Cu *.Mask)
      (net 2 GND))
    (pad C25 thru_hole circle (at 45.72 48.26) (size 1.8 1.8) (drill 1) (layers *.Cu *.Mask)
      (net 34 /Dc))
    (pad C23 thru_hole circle (at 45.72 45.72) (size 1.8 1.8) (drill 1) (layers *.Cu *.Mask)
      (net 33 /Dd))
    (pad C21 thru_hole circle (at 45.72 43.18) (size 1.8 1.8) (drill 1) (layers *.Cu *.Mask)
      (net 32 /De))
    (pad C22 thru_hole circle (at 48.26 43.18) (size 1.8 1.8) (drill 1) (layers *.Cu *.Mask)
      (net 2 GND))
    (pad C19 thru_hole circle (at 45.72 40.64) (size 1.8 1.8) (drill 1) (layers *.Cu *.Mask)
      (net 31 /Df))
    (pad C17 thru_hole circle (at 45.72 38.1) (size 1.8 1.8) (drill 1) (layers *.Cu *.Mask)
      (net 2 GND))
    (pad C15 thru_hole circle (at 45.72 35.56) (size 1.8 1.8) (drill 1) (layers *.Cu *.Mask)
      (net 30 /Dg))
    (pad C16 thru_hole circle (at 48.26 35.56) (size 1.8 1.8) (drill 1) (layers *.Cu *.Mask)
      (net 5 /VSYNC))
    (pad C13 thru_hole circle (at 45.72 33.02) (size 1.8 1.8) (drill 1) (layers *.Cu *.Mask)
      (net 3 /SIOC))
    (pad C5 thru_hole circle (at 45.72 22.86) (size 1.8 1.8) (drill 1) (layers *.Cu *.Mask)
      (net 2 GND))
    (pad D1 thru_hole circle (at 45.72 -10.16) (size 1.8 1.8) (drill 1) (layers *.Cu *.Mask)
      (net 16 /D0))
    (pad D4 thru_hole circle (at 48.26 -7.62) (size 1.8 1.8) (drill 1) (layers *.Cu *.Mask)
      (net 4 /SIOD))
    (pad D8 thru_hole circle (at 48.26 -2.54) (size 1.8 1.8) (drill 1) (layers *.Cu *.Mask)
      (net 2 GND))
    (pad D11 thru_hole circle (at 45.72 2.54) (size 1.8 1.8) (drill 1) (layers *.Cu *.Mask)
      (net 15 /D1))
    (pad D12 thru_hole circle (at 48.26 2.54) (size 1.8 1.8) (drill 1) (layers *.Cu *.Mask)
      (net 7 /PCLK))
    (pad D17 thru_hole circle (at 45.72 10.16) (size 1.8 1.8) (drill 1) (layers *.Cu *.Mask)
      (net 6 /HREF))
    (pad D18 thru_hole circle (at 48.26 10.16) (size 1.8 1.8) (drill 1) (layers *.Cu *.Mask)
      (net 26 "Net-(U1-PadD18)"))
    (pad D19 thru_hole circle (at 45.72 12.7) (size 1.8 1.8) (drill 1) (layers *.Cu *.Mask)
      (net 8 /XCLK))
    (pad D20 thru_hole circle (at 48.26 12.7) (size 1.8 1.8) (drill 1) (layers *.Cu *.Mask)
      (net 27 "Net-(U1-PadD20)"))
    (model ${KISYS3DMOD}/Module.3dshapes/ST_Morpho_Connector_144_STLink.wrl
      (at (xyz 0 0 0))
      (scale (xyz 1 1 1))
      (rotate (xyz 0 0 0))
    )
  )

  (module Connector_PinHeader_2.54mm:PinHeader_2x09_P2.54mm_Vertical (layer F.Cu) (tedit 5CC215F5) (tstamp 5CC63469)
    (at 39.23 -70.28 270)
    (descr "Through hole straight pin header, 2x09, 2.54mm pitch, double rows")
    (tags "Through hole pin header THT 2x09 2.54mm double row")
    (path /5CB9E64C)
    (fp_text reference J1 (at 1.27 -2.33 270) (layer F.SilkS)
      (effects (font (size 1 1) (thickness 0.15)))
    )
    (fp_text value Conn_02x09_Odd_Even (at 1.27 22.65 270) (layer F.Fab)
      (effects (font (size 1 1) (thickness 0.15)))
    )
    (fp_line (start 0 -1.27) (end 3.81 -1.27) (layer F.Fab) (width 0.1))
    (fp_line (start 3.81 -1.27) (end 3.81 21.59) (layer F.Fab) (width 0.1))
    (fp_line (start 3.81 21.59) (end -1.27 21.59) (layer F.Fab) (width 0.1))
    (fp_line (start -1.27 21.59) (end -1.27 0) (layer F.Fab) (width 0.1))
    (fp_line (start -1.27 0) (end 0 -1.27) (layer F.Fab) (width 0.1))
    (fp_line (start -1.33 21.65) (end 3.87 21.65) (layer F.SilkS) (width 0.12))
    (fp_line (start -1.33 1.27) (end -1.33 21.65) (layer F.SilkS) (width 0.12))
    (fp_line (start 3.87 -1.33) (end 3.87 21.65) (layer F.SilkS) (width 0.12))
    (fp_line (start -1.33 1.27) (end 1.27 1.27) (layer F.SilkS) (width 0.12))
    (fp_line (start 1.27 1.27) (end 1.27 -1.33) (layer F.SilkS) (width 0.12))
    (fp_line (start 1.27 -1.33) (end 3.87 -1.33) (layer F.SilkS) (width 0.12))
    (fp_line (start -1.33 0) (end -1.33 -1.33) (layer F.SilkS) (width 0.12))
    (fp_line (start -1.33 -1.33) (end 0 -1.33) (layer F.SilkS) (width 0.12))
    (fp_line (start -1.8 -1.8) (end -1.8 22.1) (layer F.CrtYd) (width 0.05))
    (fp_line (start -1.8 22.1) (end 4.35 22.1) (layer F.CrtYd) (width 0.05))
    (fp_line (start 4.35 22.1) (end 4.35 -1.8) (layer F.CrtYd) (width 0.05))
    (fp_line (start 4.35 -1.8) (end -1.8 -1.8) (layer F.CrtYd) (width 0.05))
    (fp_text user %R (at 1.27 10.16) (layer F.Fab)
      (effects (font (size 1 1) (thickness 0.15)))
    )
    (pad 1 thru_hole rect (at 0 0 270) (size 1.8 1.8) (drill 1) (layers *.Cu *.Mask)
      (net 1 +3V3))
    (pad 2 thru_hole oval (at 2.54 0 270) (size 1.8 1.8) (drill 1) (layers *.Cu *.Mask)
      (net 2 GND))
    (pad 3 thru_hole oval (at 0 2.54 270) (size 1.8 1.8) (drill 1) (layers *.Cu *.Mask)
      (net 3 /SIOC))
    (pad 4 thru_hole oval (at 2.54 2.54 270) (size 1.8 1.8) (drill 1) (layers *.Cu *.Mask)
      (net 4 /SIOD))
    (pad 5 thru_hole oval (at 0 5.08 270) (size 1.8 1.8) (drill 1) (layers *.Cu *.Mask)
      (net 5 /VSYNC))
    (pad 6 thru_hole oval (at 2.54 5.08 270) (size 1.8 1.8) (drill 1) (layers *.Cu *.Mask)
      (net 6 /HREF))
    (pad 7 thru_hole oval (at 0 7.62 270) (size 1.8 1.8) (drill 1) (layers *.Cu *.Mask)
      (net 7 /PCLK))
    (pad 8 thru_hole oval (at 2.54 7.62 270) (size 1.8 1.8) (drill 1) (layers *.Cu *.Mask)
      (net 8 /XCLK))
    (pad 9 thru_hole circle (at 0 10.16 270) (size 1.8 1.8) (drill 1) (layers *.Cu *.Mask)
      (net 9 /D7))
    (pad 10 thru_hole oval (at 2.54 10.16 270) (size 1.8 1.8) (drill 1) (layers *.Cu *.Mask)
      (net 10 /D6))
    (pad 11 thru_hole oval (at 0 12.7 270) (size 1.8 1.8) (drill 1) (layers *.Cu *.Mask)
      (net 11 /D5))
    (pad 12 thru_hole oval (at 2.54 12.7 270) (size 1.8 1.8) (drill 1) (layers *.Cu *.Mask)
      (net 12 /D4))
    (pad 13 thru_hole oval (at 0 15.24 270) (size 1.8 1.8) (drill 1) (layers *.Cu *.Mask)
      (net 13 /D3))
    (pad 14 thru_hole oval (at 2.54 15.24 270) (size 1.8 1.8) (drill 1) (layers *.Cu *.Mask)
      (net 14 /D2))
    (pad 15 thru_hole oval (at 0 17.78 270) (size 1.8 1.8) (drill 1) (layers *.Cu *.Mask)
      (net 15 /D1))
    (pad 16 thru_hole oval (at 2.54 17.78 270) (size 1.8 1.8) (drill 1) (layers *.Cu *.Mask)
      (net 16 /D0))
    (pad 17 thru_hole oval (at 0 20.32 270) (size 1.8 1.8) (drill 1) (layers *.Cu *.Mask)
      (net 17 /RST))
    (pad 18 thru_hole oval (at 2.54 20.32 270) (size 1.8 1.8) (drill 1) (layers *.Cu *.Mask)
      (net 18 /PWDN))
    (model ${KISYS3DMOD}/Connector_PinHeader_2.54mm.3dshapes/PinHeader_2x09_P2.54mm_Vertical.wrl
      (at (xyz 0 0 0))
      (scale (xyz 1 1 1))
      (rotate (xyz 0 0 0))
    )
  )

  (module Resistor_SMD:R_1206_3216Metric_Pad1.42x1.75mm_HandSolder (layer F.Cu) (tedit 5B301BBD) (tstamp 5CCB9B72)
    (at 12 -5 180)
    (descr "Resistor SMD 1206 (3216 Metric), square (rectangular) end terminal, IPC_7351 nominal with elongated pad for handsoldering. (Body size source: http://www.tortai-tech.com/upload/download/2011102023233369053.pdf), generated with kicad-footprint-generator")
    (tags "resistor handsolder")
    (path /5CC5E2E5)
    (attr smd)
    (fp_text reference R1 (at 0 -1.82 180) (layer F.SilkS)
      (effects (font (size 1 1) (thickness 0.15)))
    )
    (fp_text value 10K (at 0 1.82 180) (layer F.Fab)
      (effects (font (size 1 1) (thickness 0.15)))
    )
    (fp_line (start -1.6 0.8) (end -1.6 -0.8) (layer F.Fab) (width 0.1))
    (fp_line (start -1.6 -0.8) (end 1.6 -0.8) (layer F.Fab) (width 0.1))
    (fp_line (start 1.6 -0.8) (end 1.6 0.8) (layer F.Fab) (width 0.1))
    (fp_line (start 1.6 0.8) (end -1.6 0.8) (layer F.Fab) (width 0.1))
    (fp_line (start -0.602064 -0.91) (end 0.602064 -0.91) (layer F.SilkS) (width 0.12))
    (fp_line (start -0.602064 0.91) (end 0.602064 0.91) (layer F.SilkS) (width 0.12))
    (fp_line (start -2.45 1.12) (end -2.45 -1.12) (layer F.CrtYd) (width 0.05))
    (fp_line (start -2.45 -1.12) (end 2.45 -1.12) (layer F.CrtYd) (width 0.05))
    (fp_line (start 2.45 -1.12) (end 2.45 1.12) (layer F.CrtYd) (width 0.05))
    (fp_line (start 2.45 1.12) (end -2.45 1.12) (layer F.CrtYd) (width 0.05))
    (fp_text user %R (at 0 0 180) (layer F.Fab)
      (effects (font (size 0.8 0.8) (thickness 0.12)))
    )
    (pad 1 smd roundrect (at -1.4875 0 180) (size 1.425 1.75) (layers F.Cu F.Paste F.Mask) (roundrect_rratio 0.175439)
      (net 37 "Net-(Q1-Pad2)"))
    (pad 2 smd roundrect (at 1.4875 0 180) (size 1.425 1.75) (layers F.Cu F.Paste F.Mask) (roundrect_rratio 0.175439)
      (net 20 +5V))
    (model ${KISYS3DMOD}/Resistor_SMD.3dshapes/R_1206_3216Metric.wrl
      (at (xyz 0 0 0))
      (scale (xyz 1 1 1))
      (rotate (xyz 0 0 0))
    )
  )

  (module Resistor_SMD:R_1206_3216Metric_Pad1.42x1.75mm_HandSolder (layer F.Cu) (tedit 5B301BBD) (tstamp 5CCB9B83)
    (at 39 -29 90)
    (descr "Resistor SMD 1206 (3216 Metric), square (rectangular) end terminal, IPC_7351 nominal with elongated pad for handsoldering. (Body size source: http://www.tortai-tech.com/upload/download/2011102023233369053.pdf), generated with kicad-footprint-generator")
    (tags "resistor handsolder")
    (path /5CC7B107)
    (attr smd)
    (fp_text reference R2 (at 0 -1.82 90) (layer F.SilkS)
      (effects (font (size 1 1) (thickness 0.15)))
    )
    (fp_text value R (at 0 1.82 90) (layer F.Fab)
      (effects (font (size 1 1) (thickness 0.15)))
    )
    (fp_line (start -1.6 0.8) (end -1.6 -0.8) (layer F.Fab) (width 0.1))
    (fp_line (start -1.6 -0.8) (end 1.6 -0.8) (layer F.Fab) (width 0.1))
    (fp_line (start 1.6 -0.8) (end 1.6 0.8) (layer F.Fab) (width 0.1))
    (fp_line (start 1.6 0.8) (end -1.6 0.8) (layer F.Fab) (width 0.1))
    (fp_line (start -0.602064 -0.91) (end 0.602064 -0.91) (layer F.SilkS) (width 0.12))
    (fp_line (start -0.602064 0.91) (end 0.602064 0.91) (layer F.SilkS) (width 0.12))
    (fp_line (start -2.45 1.12) (end -2.45 -1.12) (layer F.CrtYd) (width 0.05))
    (fp_line (start -2.45 -1.12) (end 2.45 -1.12) (layer F.CrtYd) (width 0.05))
    (fp_line (start 2.45 -1.12) (end 2.45 1.12) (layer F.CrtYd) (width 0.05))
    (fp_line (start 2.45 1.12) (end -2.45 1.12) (layer F.CrtYd) (width 0.05))
    (fp_text user %R (at 0 0 90) (layer F.Fab)
      (effects (font (size 0.8 0.8) (thickness 0.12)))
    )
    (pad 1 smd roundrect (at -1.4875 0 90) (size 1.425 1.75) (layers F.Cu F.Paste F.Mask) (roundrect_rratio 0.175439)
      (net 41 "Net-(R2-Pad1)"))
    (pad 2 smd roundrect (at 1.4875 0 90) (size 1.425 1.75) (layers F.Cu F.Paste F.Mask) (roundrect_rratio 0.175439)
      (net 42 "Net-(R2-Pad2)"))
    (model ${KISYS3DMOD}/Resistor_SMD.3dshapes/R_1206_3216Metric.wrl
      (at (xyz 0 0 0))
      (scale (xyz 1 1 1))
      (rotate (xyz 0 0 0))
    )
  )

  (module Resistor_SMD:R_1206_3216Metric_Pad1.42x1.75mm_HandSolder (layer F.Cu) (tedit 5B301BBD) (tstamp 5CCB9B94)
    (at 35.5 -29 90)
    (descr "Resistor SMD 1206 (3216 Metric), square (rectangular) end terminal, IPC_7351 nominal with elongated pad for handsoldering. (Body size source: http://www.tortai-tech.com/upload/download/2011102023233369053.pdf), generated with kicad-footprint-generator")
    (tags "resistor handsolder")
    (path /5CC7E658)
    (attr smd)
    (fp_text reference R3 (at 0 -1.82 90) (layer F.SilkS)
      (effects (font (size 1 1) (thickness 0.15)))
    )
    (fp_text value R (at 0 1.82 90) (layer F.Fab)
      (effects (font (size 1 1) (thickness 0.15)))
    )
    (fp_text user %R (at 0 0 90) (layer F.Fab)
      (effects (font (size 0.8 0.8) (thickness 0.12)))
    )
    (fp_line (start 2.45 1.12) (end -2.45 1.12) (layer F.CrtYd) (width 0.05))
    (fp_line (start 2.45 -1.12) (end 2.45 1.12) (layer F.CrtYd) (width 0.05))
    (fp_line (start -2.45 -1.12) (end 2.45 -1.12) (layer F.CrtYd) (width 0.05))
    (fp_line (start -2.45 1.12) (end -2.45 -1.12) (layer F.CrtYd) (width 0.05))
    (fp_line (start -0.602064 0.91) (end 0.602064 0.91) (layer F.SilkS) (width 0.12))
    (fp_line (start -0.602064 -0.91) (end 0.602064 -0.91) (layer F.SilkS) (width 0.12))
    (fp_line (start 1.6 0.8) (end -1.6 0.8) (layer F.Fab) (width 0.1))
    (fp_line (start 1.6 -0.8) (end 1.6 0.8) (layer F.Fab) (width 0.1))
    (fp_line (start -1.6 -0.8) (end 1.6 -0.8) (layer F.Fab) (width 0.1))
    (fp_line (start -1.6 0.8) (end -1.6 -0.8) (layer F.Fab) (width 0.1))
    (pad 2 smd roundrect (at 1.4875 0 90) (size 1.425 1.75) (layers F.Cu F.Paste F.Mask) (roundrect_rratio 0.175439)
      (net 43 "Net-(R3-Pad2)"))
    (pad 1 smd roundrect (at -1.4875 0 90) (size 1.425 1.75) (layers F.Cu F.Paste F.Mask) (roundrect_rratio 0.175439)
      (net 44 "Net-(R3-Pad1)"))
    (model ${KISYS3DMOD}/Resistor_SMD.3dshapes/R_1206_3216Metric.wrl
      (at (xyz 0 0 0))
      (scale (xyz 1 1 1))
      (rotate (xyz 0 0 0))
    )
  )

  (module Resistor_SMD:R_1206_3216Metric_Pad1.42x1.75mm_HandSolder (layer F.Cu) (tedit 5B301BBD) (tstamp 5CCB9BA5)
    (at 32 -29 90)
    (descr "Resistor SMD 1206 (3216 Metric), square (rectangular) end terminal, IPC_7351 nominal with elongated pad for handsoldering. (Body size source: http://www.tortai-tech.com/upload/download/2011102023233369053.pdf), generated with kicad-footprint-generator")
    (tags "resistor handsolder")
    (path /5CC81BC1)
    (attr smd)
    (fp_text reference R4 (at 0 -1.82 90) (layer F.SilkS)
      (effects (font (size 1 1) (thickness 0.15)))
    )
    (fp_text value R (at 0 1.82 90) (layer F.Fab)
      (effects (font (size 1 1) (thickness 0.15)))
    )
    (fp_line (start -1.6 0.8) (end -1.6 -0.8) (layer F.Fab) (width 0.1))
    (fp_line (start -1.6 -0.8) (end 1.6 -0.8) (layer F.Fab) (width 0.1))
    (fp_line (start 1.6 -0.8) (end 1.6 0.8) (layer F.Fab) (width 0.1))
    (fp_line (start 1.6 0.8) (end -1.6 0.8) (layer F.Fab) (width 0.1))
    (fp_line (start -0.602064 -0.91) (end 0.602064 -0.91) (layer F.SilkS) (width 0.12))
    (fp_line (start -0.602064 0.91) (end 0.602064 0.91) (layer F.SilkS) (width 0.12))
    (fp_line (start -2.45 1.12) (end -2.45 -1.12) (layer F.CrtYd) (width 0.05))
    (fp_line (start -2.45 -1.12) (end 2.45 -1.12) (layer F.CrtYd) (width 0.05))
    (fp_line (start 2.45 -1.12) (end 2.45 1.12) (layer F.CrtYd) (width 0.05))
    (fp_line (start 2.45 1.12) (end -2.45 1.12) (layer F.CrtYd) (width 0.05))
    (fp_text user %R (at 0 0 90) (layer F.Fab)
      (effects (font (size 0.8 0.8) (thickness 0.12)))
    )
    (pad 1 smd roundrect (at -1.4875 0 90) (size 1.425 1.75) (layers F.Cu F.Paste F.Mask) (roundrect_rratio 0.175439)
      (net 45 "Net-(R4-Pad1)"))
    (pad 2 smd roundrect (at 1.4875 0 90) (size 1.425 1.75) (layers F.Cu F.Paste F.Mask) (roundrect_rratio 0.175439)
      (net 46 "Net-(R4-Pad2)"))
    (model ${KISYS3DMOD}/Resistor_SMD.3dshapes/R_1206_3216Metric.wrl
      (at (xyz 0 0 0))
      (scale (xyz 1 1 1))
      (rotate (xyz 0 0 0))
    )
  )

  (module Resistor_SMD:R_1206_3216Metric_Pad1.42x1.75mm_HandSolder (layer F.Cu) (tedit 5B301BBD) (tstamp 5CCB9BB6)
    (at 28.5 -29 90)
    (descr "Resistor SMD 1206 (3216 Metric), square (rectangular) end terminal, IPC_7351 nominal with elongated pad for handsoldering. (Body size source: http://www.tortai-tech.com/upload/download/2011102023233369053.pdf), generated with kicad-footprint-generator")
    (tags "resistor handsolder")
    (path /5CC81BC7)
    (attr smd)
    (fp_text reference R5 (at 0 -1.82 90) (layer F.SilkS)
      (effects (font (size 1 1) (thickness 0.15)))
    )
    (fp_text value R (at 0 1.82 90) (layer F.Fab)
      (effects (font (size 1 1) (thickness 0.15)))
    )
    (fp_text user %R (at 0 0 90) (layer F.Fab)
      (effects (font (size 0.8 0.8) (thickness 0.12)))
    )
    (fp_line (start 2.45 1.12) (end -2.45 1.12) (layer F.CrtYd) (width 0.05))
    (fp_line (start 2.45 -1.12) (end 2.45 1.12) (layer F.CrtYd) (width 0.05))
    (fp_line (start -2.45 -1.12) (end 2.45 -1.12) (layer F.CrtYd) (width 0.05))
    (fp_line (start -2.45 1.12) (end -2.45 -1.12) (layer F.CrtYd) (width 0.05))
    (fp_line (start -0.602064 0.91) (end 0.602064 0.91) (layer F.SilkS) (width 0.12))
    (fp_line (start -0.602064 -0.91) (end 0.602064 -0.91) (layer F.SilkS) (width 0.12))
    (fp_line (start 1.6 0.8) (end -1.6 0.8) (layer F.Fab) (width 0.1))
    (fp_line (start 1.6 -0.8) (end 1.6 0.8) (layer F.Fab) (width 0.1))
    (fp_line (start -1.6 -0.8) (end 1.6 -0.8) (layer F.Fab) (width 0.1))
    (fp_line (start -1.6 0.8) (end -1.6 -0.8) (layer F.Fab) (width 0.1))
    (pad 2 smd roundrect (at 1.4875 0 90) (size 1.425 1.75) (layers F.Cu F.Paste F.Mask) (roundrect_rratio 0.175439)
      (net 47 "Net-(R5-Pad2)"))
    (pad 1 smd roundrect (at -1.4875 0 90) (size 1.425 1.75) (layers F.Cu F.Paste F.Mask) (roundrect_rratio 0.175439)
      (net 48 "Net-(R5-Pad1)"))
    (model ${KISYS3DMOD}/Resistor_SMD.3dshapes/R_1206_3216Metric.wrl
      (at (xyz 0 0 0))
      (scale (xyz 1 1 1))
      (rotate (xyz 0 0 0))
    )
  )

  (module Resistor_SMD:R_1206_3216Metric_Pad1.42x1.75mm_HandSolder (layer F.Cu) (tedit 5B301BBD) (tstamp 5CCB9BC7)
    (at 25 -29 90)
    (descr "Resistor SMD 1206 (3216 Metric), square (rectangular) end terminal, IPC_7351 nominal with elongated pad for handsoldering. (Body size source: http://www.tortai-tech.com/upload/download/2011102023233369053.pdf), generated with kicad-footprint-generator")
    (tags "resistor handsolder")
    (path /5CC85170)
    (attr smd)
    (fp_text reference R6 (at 0 -1.82 90) (layer F.SilkS)
      (effects (font (size 1 1) (thickness 0.15)))
    )
    (fp_text value R (at 0 1.82 90) (layer F.Fab)
      (effects (font (size 1 1) (thickness 0.15)))
    )
    (fp_line (start -1.6 0.8) (end -1.6 -0.8) (layer F.Fab) (width 0.1))
    (fp_line (start -1.6 -0.8) (end 1.6 -0.8) (layer F.Fab) (width 0.1))
    (fp_line (start 1.6 -0.8) (end 1.6 0.8) (layer F.Fab) (width 0.1))
    (fp_line (start 1.6 0.8) (end -1.6 0.8) (layer F.Fab) (width 0.1))
    (fp_line (start -0.602064 -0.91) (end 0.602064 -0.91) (layer F.SilkS) (width 0.12))
    (fp_line (start -0.602064 0.91) (end 0.602064 0.91) (layer F.SilkS) (width 0.12))
    (fp_line (start -2.45 1.12) (end -2.45 -1.12) (layer F.CrtYd) (width 0.05))
    (fp_line (start -2.45 -1.12) (end 2.45 -1.12) (layer F.CrtYd) (width 0.05))
    (fp_line (start 2.45 -1.12) (end 2.45 1.12) (layer F.CrtYd) (width 0.05))
    (fp_line (start 2.45 1.12) (end -2.45 1.12) (layer F.CrtYd) (width 0.05))
    (fp_text user %R (at 0 0 90) (layer F.Fab)
      (effects (font (size 0.8 0.8) (thickness 0.12)))
    )
    (pad 1 smd roundrect (at -1.4875 0 90) (size 1.425 1.75) (layers F.Cu F.Paste F.Mask) (roundrect_rratio 0.175439)
      (net 49 "Net-(R6-Pad1)"))
    (pad 2 smd roundrect (at 1.4875 0 90) (size 1.425 1.75) (layers F.Cu F.Paste F.Mask) (roundrect_rratio 0.175439)
      (net 50 "Net-(R6-Pad2)"))
    (model ${KISYS3DMOD}/Resistor_SMD.3dshapes/R_1206_3216Metric.wrl
      (at (xyz 0 0 0))
      (scale (xyz 1 1 1))
      (rotate (xyz 0 0 0))
    )
  )

  (module Resistor_SMD:R_1206_3216Metric_Pad1.42x1.75mm_HandSolder (layer F.Cu) (tedit 5B301BBD) (tstamp 5CCB9BD8)
    (at 21.5 -29 90)
    (descr "Resistor SMD 1206 (3216 Metric), square (rectangular) end terminal, IPC_7351 nominal with elongated pad for handsoldering. (Body size source: http://www.tortai-tech.com/upload/download/2011102023233369053.pdf), generated with kicad-footprint-generator")
    (tags "resistor handsolder")
    (path /5CC85176)
    (attr smd)
    (fp_text reference R7 (at 0 -1.82 90) (layer F.SilkS)
      (effects (font (size 1 1) (thickness 0.15)))
    )
    (fp_text value R (at 0 1.82 90) (layer F.Fab)
      (effects (font (size 1 1) (thickness 0.15)))
    )
    (fp_text user %R (at 0 0 90) (layer F.Fab)
      (effects (font (size 0.8 0.8) (thickness 0.12)))
    )
    (fp_line (start 2.45 1.12) (end -2.45 1.12) (layer F.CrtYd) (width 0.05))
    (fp_line (start 2.45 -1.12) (end 2.45 1.12) (layer F.CrtYd) (width 0.05))
    (fp_line (start -2.45 -1.12) (end 2.45 -1.12) (layer F.CrtYd) (width 0.05))
    (fp_line (start -2.45 1.12) (end -2.45 -1.12) (layer F.CrtYd) (width 0.05))
    (fp_line (start -0.602064 0.91) (end 0.602064 0.91) (layer F.SilkS) (width 0.12))
    (fp_line (start -0.602064 -0.91) (end 0.602064 -0.91) (layer F.SilkS) (width 0.12))
    (fp_line (start 1.6 0.8) (end -1.6 0.8) (layer F.Fab) (width 0.1))
    (fp_line (start 1.6 -0.8) (end 1.6 0.8) (layer F.Fab) (width 0.1))
    (fp_line (start -1.6 -0.8) (end 1.6 -0.8) (layer F.Fab) (width 0.1))
    (fp_line (start -1.6 0.8) (end -1.6 -0.8) (layer F.Fab) (width 0.1))
    (pad 2 smd roundrect (at 1.4875 0 90) (size 1.425 1.75) (layers F.Cu F.Paste F.Mask) (roundrect_rratio 0.175439)
      (net 51 "Net-(R7-Pad2)"))
    (pad 1 smd roundrect (at -1.4875 0 90) (size 1.425 1.75) (layers F.Cu F.Paste F.Mask) (roundrect_rratio 0.175439)
      (net 52 "Net-(R7-Pad1)"))
    (model ${KISYS3DMOD}/Resistor_SMD.3dshapes/R_1206_3216Metric.wrl
      (at (xyz 0 0 0))
      (scale (xyz 1 1 1))
      (rotate (xyz 0 0 0))
    )
  )

  (module Resistor_SMD:R_1206_3216Metric_Pad1.42x1.75mm_HandSolder (layer F.Cu) (tedit 5B301BBD) (tstamp 5CCB9BE9)
    (at 18 -29 90)
    (descr "Resistor SMD 1206 (3216 Metric), square (rectangular) end terminal, IPC_7351 nominal with elongated pad for handsoldering. (Body size source: http://www.tortai-tech.com/upload/download/2011102023233369053.pdf), generated with kicad-footprint-generator")
    (tags "resistor handsolder")
    (path /5CC8517C)
    (attr smd)
    (fp_text reference R8 (at 0 -1.82 90) (layer F.SilkS)
      (effects (font (size 1 1) (thickness 0.15)))
    )
    (fp_text value R (at 0 1.82 90) (layer F.Fab)
      (effects (font (size 1 1) (thickness 0.15)))
    )
    (fp_line (start -1.6 0.8) (end -1.6 -0.8) (layer F.Fab) (width 0.1))
    (fp_line (start -1.6 -0.8) (end 1.6 -0.8) (layer F.Fab) (width 0.1))
    (fp_line (start 1.6 -0.8) (end 1.6 0.8) (layer F.Fab) (width 0.1))
    (fp_line (start 1.6 0.8) (end -1.6 0.8) (layer F.Fab) (width 0.1))
    (fp_line (start -0.602064 -0.91) (end 0.602064 -0.91) (layer F.SilkS) (width 0.12))
    (fp_line (start -0.602064 0.91) (end 0.602064 0.91) (layer F.SilkS) (width 0.12))
    (fp_line (start -2.45 1.12) (end -2.45 -1.12) (layer F.CrtYd) (width 0.05))
    (fp_line (start -2.45 -1.12) (end 2.45 -1.12) (layer F.CrtYd) (width 0.05))
    (fp_line (start 2.45 -1.12) (end 2.45 1.12) (layer F.CrtYd) (width 0.05))
    (fp_line (start 2.45 1.12) (end -2.45 1.12) (layer F.CrtYd) (width 0.05))
    (fp_text user %R (at 0 0 90) (layer F.Fab)
      (effects (font (size 0.8 0.8) (thickness 0.12)))
    )
    (pad 1 smd roundrect (at -1.4875 0 90) (size 1.425 1.75) (layers F.Cu F.Paste F.Mask) (roundrect_rratio 0.175439)
      (net 53 "Net-(R8-Pad1)"))
    (pad 2 smd roundrect (at 1.4875 0 90) (size 1.425 1.75) (layers F.Cu F.Paste F.Mask) (roundrect_rratio 0.175439)
      (net 54 "Net-(R8-Pad2)"))
    (model ${KISYS3DMOD}/Resistor_SMD.3dshapes/R_1206_3216Metric.wrl
      (at (xyz 0 0 0))
      (scale (xyz 1 1 1))
      (rotate (xyz 0 0 0))
    )
  )

  (module Display_7Segment:DA04-11SYKWA (layer F.Cu) (tedit 5A02FE84) (tstamp 5CCB9C1E)
    (at 19.672 -7.796 90)
    (descr "http://www.kingbright.com/attachments/file/psearch/000/00/00/DA04-11SYKWA(Ver.6A).pdf")
    (tags "Dubble digit super bright yellow 7 segment LED display")
    (path /5CBFAD81)
    (fp_text reference U2 (at 0.34 -2.36 90) (layer F.SilkS)
      (effects (font (size 1 1) (thickness 0.15)))
    )
    (fp_text value DA04-11SYKWA (at 4.01 20.14 90) (layer F.Fab)
      (effects (font (size 1 1) (thickness 0.15)))
    )
    (fp_line (start -2 -1.56) (end 0 -1.56) (layer F.SilkS) (width 0.12))
    (fp_line (start -2 -1.56) (end -2 0) (layer F.SilkS) (width 0.12))
    (fp_line (start -1.9 -1.46) (end 14.6 -1.46) (layer F.CrtYd) (width 0.05))
    (fp_line (start 14.6 -1.46) (end 14.6 19.24) (layer F.CrtYd) (width 0.05))
    (fp_line (start 14.6 19.24) (end -1.9 19.24) (layer F.CrtYd) (width 0.05))
    (fp_line (start -1.9 19.24) (end -1.9 -1.46) (layer F.CrtYd) (width 0.05))
    (fp_line (start -1.65 -0.21) (end -0.65 -1.21) (layer F.Fab) (width 0.1))
    (fp_line (start -1.77 -1.33) (end 14.47 -1.33) (layer F.SilkS) (width 0.12))
    (fp_line (start 14.47 -1.33) (end 14.47 19.11) (layer F.SilkS) (width 0.12))
    (fp_line (start 14.47 19.11) (end -1.77 19.11) (layer F.SilkS) (width 0.12))
    (fp_line (start -1.77 19.11) (end -1.77 -1.33) (layer F.SilkS) (width 0.12))
    (fp_line (start -0.65 -1.21) (end 14.35 -1.21) (layer F.Fab) (width 0.1))
    (fp_line (start 14.35 -1.21) (end 14.35 18.99) (layer F.Fab) (width 0.1))
    (fp_line (start 14.35 18.99) (end -1.65 18.99) (layer F.Fab) (width 0.1))
    (fp_line (start -1.65 18.99) (end -1.65 -0.21) (layer F.Fab) (width 0.1))
    (fp_text user %R (at 7 9 90) (layer F.Fab)
      (effects (font (size 1 1) (thickness 0.15)))
    )
    (pad 1 thru_hole rect (at 0 0 90) (size 1.7 1.7) (drill 1) (layers *.Cu *.Mask)
      (net 45 "Net-(R4-Pad1)"))
    (pad 2 thru_hole circle (at 0 2.54 90) (size 1.7 1.7) (drill 1) (layers *.Cu *.Mask)
      (net 49 "Net-(R6-Pad1)"))
    (pad 3 thru_hole circle (at 0 5.08 90) (size 1.7 1.7) (drill 1) (layers *.Cu *.Mask)
      (net 48 "Net-(R5-Pad1)"))
    (pad 4 thru_hole circle (at 0 7.62 90) (size 1.7 1.7) (drill 1) (layers *.Cu *.Mask)
      (net 38 "Net-(Q1-Pad3)"))
    (pad 5 thru_hole circle (at 0 10.16 90) (size 1.7 1.7) (drill 1) (layers *.Cu *.Mask)
      (net 39 "Net-(Q2-Pad3)"))
    (pad 6 thru_hole circle (at 0 12.7 90) (size 1.7 1.7) (drill 1) (layers *.Cu *.Mask)
      (net 48 "Net-(R5-Pad1)"))
    (pad 7 thru_hole circle (at 0 15.24 90) (size 1.7 1.7) (drill 1) (layers *.Cu *.Mask)
      (net 49 "Net-(R6-Pad1)"))
    (pad 8 thru_hole circle (at 0 17.78 90) (size 1.7 1.7) (drill 1) (layers *.Cu *.Mask)
      (net 45 "Net-(R4-Pad1)"))
